Feature	Gain	Cover	Frequency
ctrx_quarter	0.0792730594598623	0.00710611365234589	0.00653373009504858
mcaja_ahorro	0.0387008293575196	0.00402876335226483	0.00481167292207474
Visa_status	0.0274403887683895	0.0131594285126479	0.000698379128165119
ctrx_quarter_rank	0.0205387215887677	0.00490516611857215	0.00359035406663464
mcuentas_saldo	0.020229575432982	0.0154021846523674	0.00653035161965317
mcaja_ahorro_rank	0.0158401601257686	0.00292548833984323	0.00420571922794115
mcuenta_corriente	0.0116510917093455	0.00731240241930144	0.00811775241615288
mtarjeta_visa_consumo	0.0115796954436992	0.00374089587649997	0.00151693545253833
cpayroll_trx	0.0111229048179543	0.00309064956343819	0.000236251958007481
Visa_Finiciomora	0.00962951832497405	0.0159060999853198	0.00141799438738709
cdescubierto_preacordado_rank	0.00959332076616214	0.0186799234264384	0.00220083540043742
ctarjeta_visa_transacciones	0.00954799100125235	0.00403666713270213	0.00159512302597493
mtarjeta_visa_consumo_rank	0.00869569870465297	0.0020240751908911	0.00187408856576721
mpayroll	0.00859183761603244	0.00432348238173593	0.000647701997233994
mprestamos_personales	0.00843775067312697	0.0172197292383371	0.00305028064271151
ctarjeta_visa	0.00812971692128072	0.000482962647124578	0.000138758810882841
ctrx_quarter_lag_1	0.00787351164201463	0.00367200143164615	0.0055245312305059
ctrx_quarter_lag_2	0.00785693379183101	0.00428113986901267	0.00665245937323007
mcuentas_saldo_rank	0.00763718827750306	0.00504501889884104	0.00566497927908644
mprestamos_personales_rank	0.00656868013040327	0.00303527598158777	0.00197930394236707
cliente_edad_rank	0.00640192939362642	0.00494511461724625	0.0125947149544111
cliente_edad	0.00628716236544942	0.00481971392146721	0.0119064712524322
cproductos_rank	0.00567954825750121	0.00344651844995709	0.00626007358802051
mcuenta_corriente_rank	0.0056569165540632	0.00345680976154575	0.0073952413208777
mrentabilidad_annual_lag_2	0.00559801986299144	0.00535931939831445	0.00904514391219246
cliente_edad_lag_2	0.00547797151911699	0.00425151861987443	0.00916773430511156
Visa_Fvencimiento	0.00533776733231674	0.00509720523731793	0.00872298215127317
cliente_edad_lag_1	0.00533150771906778	0.00421060403008458	0.00921286108360737
mpayroll_rank	0.00510522022751913	0.0025468300039653	0.000775601422917309
mrentabilidad_annual	0.00503052472104794	0.00461828085822359	0.00908423769891076
mcuenta_corriente_lag_1	0.0049541100243487	0.00458164474209325	0.00703470973225341
mpasivos_margen_rank	0.00492944427659705	0.00180967983562937	0.0038584602212274
Visa_delinquency	0.00487775625094937	0.000393234338603315	0.000155651187859883
numero_de_cliente	0.00482916078768653	0.00549581043444631	0.0093868525664709
Visa_mpagospesos	0.00478742667067366	0.00349175647565354	0.0034127427887046
mrentabilidad_annual_rank	0.00477249117685895	0.00344001569871242	0.00915759887892534
mcuenta_corriente_lag_2	0.00454329969725103	0.00628687463020106	0.00838199745600803
Master_fechaalta	0.00453166852605935	0.00270015266657876	0.00598617576132133
cliente_antiguedad_rank	0.00444755206857572	0.003416232866366	0.00823599905499217
mrentabilidad_annual_lag_1	0.00440287370040412	0.00351051220230985	0.00787136503195917
internet_rank	0.00440286853459157	0.00728302402999834	0.00574968248364275
Visa_Finiciomora_rank	0.00438151810752301	0.00248315258650108	0.00752386470557432
cdescubierto_preacordado	0.0043023295673075	0.0116902413243842	0.000526800842012596
Visa_Fvencimiento_lag_2	0.00428991330895528	0.00603850319063931	0.00724996687887514
Master_Fvencimiento	0.00428422404811237	0.00389578931140559	0.00770726765561077
Visa_status_rank	0.00422764075264266	0.00415226232282447	0.00180241662345034
ctarjeta_debito_rank	0.0041532114219133	0.00844796767727186	0.00717901889557157
cliente_antiguedad	0.0041148403752007	0.00302912278261784	0.00768892736060712
Master_Finiciomora_rank	0.00408193044824517	0.00271441861824796	0.00714764733832849
mcomisiones_mantenimiento_rank	0.00400476445274955	0.00424707802732169	0.00530830880519976
mcuentas_saldo_lag_1	0.00398200378811273	0.00335686875237754	0.00518571841228066
mactivos_margen	0.00396177024373774	0.00630791568117703	0.00596880074500209
Visa_fechaalta	0.00386690206977117	0.00280527169294612	0.00606388069541572
Visa_Fvencimiento_rank	0.00384513175378385	0.00310310857821434	0.00653493669340408
ccajas_consultas_rank	0.00384147484130291	0.00393009915545554	0.00159632962433043
Master_Fvencimiento_lag_2	0.00383598490642527	0.00275273138957727	0.00631992086645345
Visa_Fvencimiento_lag_1	0.00377562960864193	0.00635924670181926	0.007110484108979
cmobile_app_trx_rank	0.00370313034458937	0.00272279356003645	0.00705739378133687
cliente_antiguedad_lag_2	0.00360793123389935	0.00331909575362061	0.00629554757967229
tmobile_app_rank	0.00359821738411497	0.00560701932379654	0.00634453547290571
mactivos_margen_rank	0.00356385323195207	0.00345569784836068	0.00593815314677231
mrentabilidad_rank	0.00352883076728394	0.00217180285393111	0.00672461395488915
mcuentas_saldo_lag_2	0.00348682946763318	0.00434414048389208	0.00589978331906732
Master_Fvencimiento_lag_1	0.00348260205965225	0.00282854530926499	0.0065009106197789
ccaja_ahorro_rank	0.00346425935566128	0.0107662101744998	0.0020731772944252
cliente_antiguedad_lag_1	0.0034527220552709	0.00348514135860428	0.00608656474449918
Master_Fvencimiento_rank	0.00342540512348314	0.00284888880840193	0.00586503328642883
Master_fechaalta_lag_2	0.00342429449310625	0.00266750816417535	0.00503465229817169
mrentabilidad_lag_2	0.00341989780785307	0.00356534388822321	0.00669758615172588
mcaja_ahorro_lag_2	0.00332638354608099	0.00239225947310769	0.00563988203329198
mactivos_margen_lag_1	0.00331729653524627	0.00265139239028211	0.00587637531097056
Visa_mfinanciacion_limite	0.00326394452175196	0.00526874959373548	0.00485655838089945
mpasivos_margen	0.00325865745528369	0.00235382843700129	0.00535464218205108
mrentabilidad	0.00324510605470081	0.00213327454118036	0.00633488268606169
mprestamos_personales_lag_2	0.00322959913823385	0.00557147340944744	0.00248510997299392
mcaja_ahorro_lag_1	0.00322951108867554	0.00246791901091224	0.00470718150448818
Visa_mfinanciacion_limite_rank	0.00320258151746004	0.00196799864925723	0.00539156409172947
cprestamos_personales_rank	0.00314698751344036	0.00184049041450177	0.00256812393985252
Master_mfinanciacion_limite	0.00314003008923905	0.00256388253336416	0.00457035325097415
mactivos_margen_lag_2	0.00309345625466942	0.0031765715483428	0.00607063764620654
Visa_fechaalta_lag_2	0.00308927206632319	0.0022481306278711	0.00481698195483895
cproductos	0.00308915862416021	0.00592190097491151	0.00290235168432684
ctarjeta_visa_rank	0.0030804029548277	0.00163266814030417	0.00176911450883845
ctarjeta_visa_transacciones_rank	0.00302344372525765	0.00293018468503602	0.00205604359777706
mrentabilidad_lag_1	0.00301230225801656	0.00220480298010513	0.00661191766848517
chomebanking_transacciones_rank	0.00300607388331869	0.00201455771301756	0.00494198554446906
mcomisiones_lag_2	0.00298011323291419	0.00217008662452293	0.00488720597912923
Visa_mpagominimo	0.00295800548169824	0.00251931438277526	0.00284009120918289
mcaja_ahorro_dolares_rank	0.00295582638791363	0.00320891877305567	0.00448613268576004
ccomisiones_mantenimiento_rank	0.0029540827342241	0.00318248291598236	0.00418762025260861
ccomisiones_otras_rank	0.0029258390240396	0.0018709615403527	0.0053237532641502
mcomisiones	0.00288728124995405	0.00151702318382217	0.00423853870321083
Master_fechaalta_lag_1	0.00288110351405761	0.00217060893242083	0.00476992461897434
Master_fechaalta_rank	0.00286005816385505	0.00245039380062935	0.00449843998898617
mcomisiones_mantenimiento	0.00284739035205093	0.00676580641452973	0.00289245757781172
Visa_fechaalta_rank	0.00280342850987054	0.00204730448860782	0.0044697229481252
Visa_msaldototal	0.00279001958423058	0.00344035226528504	0.00237941195705186
mprestamos_personales_lag_1	0.00278222144020446	0.00383892159745689	0.00208403667962473
Visa_fechaalta_lag_1	0.00277219760351066	0.00205223342849463	0.00473034819291384
mpasivos_margen_lag_2	0.00274913413882534	0.00208152683012647	0.00541473078015513
Visa_msaldopesos_rank	0.00274112365741799	0.00166439186552117	0.00200512514717483
thomebanking_rank	0.002708874605453	0.00352217883047199	0.00478850623364908
mcomisiones_mantenimiento_lag_2	0.00265513086063002	0.00361057421008718	0.00338161255113262
Visa_mfinanciacion_limite_lag_2	0.00264072626155612	0.00190373436697337	0.00421971576886499
cprestamos_personales	0.00262278057858385	0.0020044455337816	0.000908085922351535
Visa_mpagominimo_rank	0.00260376163529219	0.00268454344787171	0.00265113790671112
Visa_mlimitecompra_rank	0.00256134732732432	0.0019113068228946	0.00452739834951824
chomebanking_transacciones	0.00254664851064888	0.00170803134929677	0.00368784721375928
mpasivos_margen_lag_1	0.00254517497085938	0.00215923668222934	0.00482808265970958
Visa_mpagospesos_lag_2	0.00253708286383963	0.00206041690914424	0.00410098649068349
chomebanking_transacciones_lag_1	0.00251790259204661	0.00166028164197039	0.00338957610027894
ctarjeta_debito_transacciones	0.00250395377996364	0.000906688164104003	0.000890228266690091
Visa_mfinanciacion_limite_lag_1	0.00249751632851054	0.00269735751576421	0.00371994273001565
Visa_mpagospesos_lag_1	0.00247278209035294	0.00541892830970832	0.00334613855948084
mcomisiones_lag_1	0.00245740017031499	0.00188481376768526	0.00439129405501751
Master_mfinanciacion_limite_rank	0.00244172607102954	0.00181131326045058	0.00444390174331744
mcomisiones_rank	0.00244147500469136	0.00205975936945837	0.00469053044718224
Visa_mpagominimo_lag_1	0.00241467031010525	0.00224219703789307	0.0028038932585178
mcomisiones_otras_lag_2	0.00241019500980281	0.00181153528476981	0.00377399833634219
chomebanking_transacciones_lag_2	0.00236327978802889	0.00133647644462459	0.00347379666549305
Visa_msaldototal_rank	0.00235924927596439	0.00143448814473911	0.00185936806583008
internet	0.00233861610615741	0.00120345764721923	0.000713582267444456
mcaja_ahorro_dolares_lag_2	0.00233769543009575	0.00294070717795409	0.00310868000311785
Visa_msaldopesos	0.00232962121466178	0.00318928074192672	0.00248293809595401
Master_madelantopesos_rank	0.0023263310201238	0.000885014436715444	0.00405272255646337
Master_fultimo_cierre	0.00232254055660939	0.00174020068249815	0.00420137547386134
Visa_fultimo_cierre	0.00230065706045985	0.00326250947175354	0.00465602173421486
mcomisiones_otras_rank	0.00229264548893003	0.00169121036618062	0.00407275208916472
Visa_mconsumospesos_lag_2	0.00229042448580995	0.00179974150024098	0.0034139493870601
Master_mfinanciacion_limite_lag_2	0.0022777112010607	0.00148551053432527	0.00368302082033726
Visa_mpagominimo_lag_2	0.00226895174889396	0.00111600137208184	0.00274211542271605
mttarjeta_visa_debitos_automaticos_lag_2	0.00224950873996676	0.0018866379038322	0.00197134039322075
mcomisiones_otras_lag_1	0.00224698366985742	0.00207530851021604	0.00376796534456467
cpayroll_trx_rank	0.00222615917361484	0.00263134732341527	0.000926184897684079
Master_mlimitecompra_rank	0.00220334282546593	0.00175159571904686	0.0039834638108575
mcaja_ahorro_dolares	0.00220328042050997	0.00360496735948461	0.00325829819920022
mcaja_ahorro_dolares_lag_1	0.00218603975828076	0.00288795992615523	0.00282850786497006
ctransferencias_recibidas_rank	0.00218561642444119	0.00139840523146274	0.00374745317252112
tcallcenter_rank	0.00216507275903634	0.00680473835899937	0.00193176396716025
Visa_cconsumos_lag_2	0.00210052373878933	0.00154218804788287	0.00254616384978237
Visa_mconsumospesos	0.0020824876352252	0.00216699464059732	0.00302711395428585
Master_mconsumosdolares_rank	0.00207303696071013	0.0012333106350701	0.00392385785209566
Visa_mconsumospesos_lag_1	0.0020358481500349	0.00155996589211394	0.00305052196238261
active_quarter_rank	0.00203293554306705	0.00637176710837668	0.00602599350705293
Master_mfinanciacion_limite_lag_1	0.00203084258449615	0.00192744367781779	0.00314125815871643
Visa_mlimitecompra	0.00201975989657255	0.00235297207739082	0.00332852222349049
Master_status	0.00201589548847464	0.011154796773055	0.000546106415700644
mcomisiones_otras	0.00199077588991942	0.0014541565997026	0.00351916476365996
ccuenta_debitos_automaticos_rank	0.00197653378921069	0.00127591745361175	0.00290862599577546
ctarjeta_visa_transacciones_lag_2	0.00196170525888342	0.00152641357831969	0.00186298786089658
Visa_fultimo_cierre_rank	0.00195606731251797	0.00165299440037412	0.00334396668244093
ctarjeta_visa_debitos_automaticos_rank	0.00190479125005487	0.00113468743910566	0.00264968998868452
Master_mlimitecompra	0.00190116648767623	0.00158024907442297	0.00311857410963297
Visa_fultimo_cierre_lag_1	0.00189150609471841	0.00128434649475094	0.00357925336176401
mtransferencias_recibidas_rank	0.001867193234376	0.00109765439312619	0.0028031692995045
mcuenta_debitos_automaticos_rank	0.0018475920816276	0.0010386588156198	0.00192935077044925
ccaja_ahorro	0.00181193690937913	0.00087153506558496	0.000387076752445353
Master_mpagospesos_rank	0.00180286215943113	0.00117389225584307	0.00338450838718583
cseguro_accidentes_personales_rank	0.00179595544402873	0.00163403115463354	0.00270060843928675
Visa_mpagospesos_rank	0.00178675768116763	0.00517038230966343	0.00283888461082739
Master_mlimitecompra_lag_2	0.00176165720864975	0.00133493407233501	0.00263352157072078
Visa_fultimo_cierre_lag_2	0.00175693449324426	0.00191680073703831	0.00344242510824997
mpayroll_lag_2	0.00175374072052773	0.00316477388867343	0.000774636144232906
mcomisiones_mantenimiento_lag_1	0.00175358490714131	0.00234182027226608	0.00300032747079368
Master_fultimo_cierre_rank	0.00175000795639134	0.0013137707885442	0.00277300434061692
Visa_mlimitecompra_lag_2	0.00174582587698922	0.00131276082340576	0.00270012579994454
Master_fultimo_cierre_lag_2	0.00173215442997826	0.00153939266482531	0.0031694925602352
Visa_cconsumos_lag_1	0.00172919082712614	0.00120521100233171	0.00233307858020054
Visa_delinquency_rank	0.00172635107083039	0.00170017584886386	0.00189628997550847
ccomisiones_otras_lag_2	0.00172601838854631	0.00133437890536871	0.00315235886358706
Visa_cconsumos_rank	0.00172523531988601	0.00138145391356841	0.00268830113606062
Master_fultimo_cierre_lag_1	0.00171807192533453	0.00133322264703942	0.00331911075631757
mautoservicio_rank	0.00170354939453606	0.00210678611092471	0.00174256934501739
Visa_Finiciomora_lag_1	0.00168968356939777	0.0062494062745559	0.00097927522532621
Master_mconsumospesos_rank	0.0016729031931597	0.000871396987161207	0.0032102755846512
cproductos_lag_2	0.00165082759741489	0.00396053839765871	0.00301263477401981
ccallcenter_transacciones_rank	0.00165079649292563	0.00477699811459791	0.00144815934627466
ccajas_transacciones_rank	0.00161330716616255	0.00159902349332397	0.00257536352998554
cprestamos_personales_lag_2	0.00159732602934313	0.00308141647045028	0.00099544364328995
Visa_mconsumospesos_rank	0.00159448910020623	0.00123442334451693	0.00240426788317522
Master_mlimitecompra_lag_1	0.00159344710932332	0.0012126654456254	0.00244939466167103
mtransferencias_recibidas	0.00156728745946756	0.00129193440478573	0.00196844455716754
mtransferencias_recibidas_lag_2	0.00154475778941131	0.00132929424322477	0.00232632162940973
internet_lag_1	0.00153822228575905	0.00363165663349681	0.00123990047011485
ccomisiones_otras	0.00153221118518074	0.000784897301082639	0.00288763118438971
ctarjeta_debito_transacciones_rank	0.00151210837455895	0.000825534751968827	0.00196820323749644
Visa_cconsumos	0.00150364677433803	0.00151443046928769	0.00217429023661635
Visa_mlimitecompra_lag_1	0.00149466211001874	0.00137911752232822	0.00245011862068433
cseguro_vida_rank	0.00149433153471737	0.00171829653686437	0.00252347980069891
ctarjeta_master_rank	0.00148823523104051	0.00113514844811948	0.00179107459890861
Visa_mconsumosdolares_rank	0.00145869165879988	0.00108272956803269	0.00250489818602416
Visa_msaldopesos_lag_2	0.0014457442320914	0.00124633680718747	0.00214991694983519
mtransferencias_recibidas_lag_1	0.00144381127892296	0.00123534903198416	0.00202829183560049
mttarjeta_visa_debitos_automaticos_lag_1	0.00144231201999522	0.000957697733875916	0.00166220989454089
Visa_msaldototal_lag_2	0.00143988452524184	0.0012809516128539	0.0021129950401568
Visa_msaldototal_lag_1	0.00141651034792653	0.00175255579175085	0.00208669119600684
mttarjeta_visa_debitos_automaticos	0.00140482449839772	0.00106422629616565	0.00165328106671017
ccomisiones_mantenimiento_lag_2	0.00140057449987452	0.00381569315572155	0.000870922693002043
cproductos_lag_1	0.0013928483903567	0.00206204276284327	0.00248269677628291
mcuenta_debitos_automaticos	0.00139236425064371	0.00161335658976562	0.00149521668213928
Master_Finiciomora	0.00138399959591186	0.0111602042994338	0.000702481562573829
ccomisiones_otras_lag_1	0.00137050153803442	0.000831009476204256	0.00291876142196168
mcuenta_debitos_automaticos_lag_2	0.00135199060759613	0.00127714337157353	0.0017454651810706
Master_cconsumos_rank	0.00134569734685841	0.000723472674009887	0.00242043630113896
mtransferencias_emitidas_rank	0.00134288327654604	0.00101426774546113	0.00178576556614439
mttarjeta_visa_debitos_automaticos_rank	0.00133854865535848	0.00117207485474347	0.00211806275324991
ctransferencias_emitidas_rank	0.00133772724363544	0.00096569610357414	0.00195975704900792
cmobile_app_trx_lag_2	0.00131471211300779	0.00151935149964106	0.0021142016385123
ccaja_seguridad_rank	0.00130319053357028	0.00245499527123408	0.000603781817093686
Master_mpagospesos	0.00129066845094658	0.000876736366804907	0.00125389701103869
Visa_msaldopesos_lag_1	0.00128960872245475	0.00171862809362345	0.00195613725394141
cpayroll_trx_lag_1	0.0012882951131474	0.000575076701843778	0.000271001990645967
Visa_mconsumosdolares_lag_2	0.00126007881131287	0.00123040162546017	0.00173098600080456
ctarjeta_visa_transacciones_lag_1	0.0012587843123587	0.000926244744290977	0.00153237991148877
mautoservicio_lag_2	0.00123611719920523	0.000888195343172498	0.00160163865709464
cmobile_app_trx	0.0012326395850373	0.00170381599265233	0.00180555377917464
Master_msaldopesos_rank	0.00120118392449503	0.000767459686228256	0.00157219765722037
cpagomiscuentas_rank	0.00119182244570029	0.0016851724460062	0.00149666460016588
Visa_mpagado_rank	0.00117607888557719	0.00197360196976602	0.00195613725394141
Visa_madelantodolares_rank	0.00117380806426662	0.00171339470969031	0.00255243816123098
cseguro_vivienda_rank	0.00116965860224978	0.00156865087832311	0.00175246345153251
ctarjeta_master_transacciones_rank	0.00115341815030465	0.00049301214728942	0.000976379389273003
mpayroll_lag_1	0.0011416552755778	0.00158401478205462	0.000585924161432242
mautoservicio	0.00112660255681797	0.00151950984956198	0.00114192468364801
mtransferencias_emitidas_lag_2	0.00112009066432785	0.00109872497369069	0.00140882423988527
cmobile_app_trx_lag_1	0.00111769683521584	0.00136779657130027	0.0018682968936608
Visa_mconsumosdolares_lag_1	0.00111275560954249	0.00116235417750568	0.00152369240332915
mtransferencias_emitidas	0.00111245588850168	0.00199306403368273	0.00121142474892498
ccaja_seguridad	0.00109876988557756	0.00198037827010094	0.000150824794437871
Master_msaldototal_rank	0.00108915258146029	0.000595400579763975	0.00164145640282624
ctarjeta_debito_transacciones_lag_2	0.00108638106643659	0.000694878051787295	0.0013810724777087
Master_madelantodolares_rank	0.00108396418051548	0.000614498778600917	0.00212843949910724
mtarjeta_visa_consumo_lag_2	0.0010764476938042	0.000986026636915502	0.00159657094400153
cpagodeservicios_rank	0.0010666901960834	0.000606501045912097	0.00157967856702449
ccajas_otras_rank	0.00105927590619495	0.000808923185694123	0.00122300809313781
Visa_mpagosdolares_rank	0.00105824562078207	0.00145123049037149	0.00195661989328362
mcuenta_debitos_automaticos_lag_1	0.00105558826763044	0.000952782788289447	0.00147470451009573
Master_mpagospesos_lag_1	0.00104519362376839	0.00104050102027305	0.00133691097789729
Visa_msaldodolares_rank	0.00103276509592289	0.000556598273343486	0.00124327894551026
mtransferencias_emitidas_lag_1	0.00103263129183279	0.000809370844052528	0.00126330847821161
Master_mpagospesos_lag_2	0.00103140191185154	0.00213983359476658	0.00145684685443429
Visa_mconsumosdolares	0.00102945871768636	0.000961365288975289	0.00140906555955637
Master_msaldototal	0.00102798881692875	0.00112952262658061	0.00109969374120541
Master_mpagominimo_rank	0.00102795295694754	0.00134762544956216	0.0013405307729638
Master_msaldopesos	0.00102767420145547	0.00171648624240093	0.00107459649541094
Master_status_rank	0.00102351856845566	0.00136843025631108	0.00177514750061597
mautoservicio_lag_1	0.00101752149381723	0.000880236030113335	0.00141920098574259
cdescubierto_preacordado_lag_1	0.00100768835264271	0.00025215144672741	0.000389007309814157
ctarjeta_debito_transacciones_lag_1	0.00100184708004987	0.000788070417445528	0.00119139521622363
Master_mpagominimo	0.00099759764190737	0.00156530256446768	0.000905672725640529
ctarjeta_visa_debitos_automaticos_lag_2	0.000992995850515128	0.00151701073559674	0.00104225965948346
Visa_mconsumototal_lag_2	0.000978992975067938	0.000838653788113321	0.00157147369820707
Visa_madelantopesos_rank	0.000977999427316741	0.00111289652189337	0.00224741009695983
cprestamos_personales_lag_1	0.000970376759973182	0.00553247807590662	0.000943077274661121
Master_delinquency_rank	0.000969639369114591	0.00110491304892547	0.00151693545253833
cextraccion_autoservicio_rank	0.000969583269942742	0.000597181465626616	0.00129202551907258
Visa_mconsumototal_lag_1	0.000961312940688867	0.000820327346075428	0.00142644057587561
ctarjeta_visa_debitos_automaticos_lag_1	0.000957880368372406	0.000843054016830624	0.000934389766501499
ccajas_depositos_rank	0.000929823261446627	0.00147741970536632	0.00137093705152247
cextraccion_autoservicio	0.000916951393701889	0.000762157883503856	0.000428825055545755
ccallcenter_transacciones	0.000913464500113767	0.00146257985467305	0.000798526791671865
Visa_mconsumototal	0.000909090820066625	0.00103069396190592	0.00147784166582004
mtarjeta_master_consumo	0.000906878080830918	0.000564743679410201	0.000429790334230158
catm_trx_rank	0.000890463184070605	0.000588217310046306	0.00116871116714018
mpagomiscuentas_lag_2	0.000889571482911136	0.00124366253554278	0.00103091763494174
mtarjeta_visa_consumo_lag_1	0.000863083607487764	0.00064265194003576	0.0013007130272322
ccomisiones_mantenimiento	0.000856426540813376	0.0037974197845296	0.000642392964469781
Master_mpagosdolares_rank	0.000856074635926511	0.000782662293870352	0.00172760752540915
mextraccion_autoservicio_rank	0.00085552224049612	0.000460166310101374	0.000947179709069831
catm_trx_other_rank	0.0008389680713019	0.000503784208547909	0.00123000636359973
mpagomiscuentas	0.000827153920242285	0.00135430537568273	0.000798044152329664
mpagomiscuentas_rank	0.000817937051776511	0.000867958582923762	0.000969622438482186
Master_mconsumospesos_lag_2	0.00081379920141619	0.000750679332368133	0.00109462602811229
cdescubierto_preacordado_lag_2	0.000806381000078035	0.000293105411661029	0.000367771178757305
cplazo_fijo_rank	0.000803327641775378	0.00223651247877878	0.000522457087932786
mextraccion_autoservicio_lag_2	0.000785526376409445	0.000622224388835121	0.00106759822494903
ctarjeta_debito_lag_2	0.000781844249340835	0.0017691246253114	0.00129492135512579
Master_mconsumototal_rank	0.000778961665929456	0.000399046803897449	0.00133449778118628
ctransferencias_recibidas_lag_2	0.000778450157417437	0.000984745929509493	0.00123965915044375
mextraccion_autoservicio	0.000768191842359703	0.000459663676504333	0.000640945046443177
Master_mpagado_rank	0.000767203208984489	0.00093643928353441	0.0014216141824536
ctransferencias_recibidas_lag_1	0.000765951428006627	0.00163860963318012	0.00118608618345942
internet_lag_2	0.000762703131808121	0.00382103897181444	0.00131181373210283
Visa_mpagado_lag_1	0.000750274858410013	0.00113343444824422	0.000784530250748031
Visa_mconsumototal_rank	0.00074764522683028	0.000635472678168922	0.00120756363418737
mpagomiscuentas_lag_1	0.000743620144586734	0.000706490421346384	0.00088178207820157
active_quarter	0.000726681729758146	0.000727788021224155	0.00131374428947163
Master_mconsumospesos_lag_1	0.000722267538899978	0.000651390315595569	0.000974690151575299
ctransferencias_recibidas	0.000720952380000201	0.000736512893511711	0.000913877594457949
cpagomiscuentas_lag_2	0.000699659821951744	0.00114887669749686	0.000691139538032101
ctarjeta_debito	0.000697718924986462	0.00293864229206566	0.0011788465933264
mtarjeta_master_consumo_rank	0.000694464639861764	0.000323470747502348	0.000581821727023532
Visa_status_lag_1	0.000693271609297647	0.0030459696376055	0.000236975917020783
Master_status_lag_1	0.000689596196150686	0.00433653829422983	0.000183161630365351
ccajas_extracciones_rank	0.000686167231949425	0.000859331995878776	0.00115012955246543
ctarjeta_master_debitos_automaticos_rank	0.000677129263892143	0.000486386891173821	0.000905672725640529
Master_msaldodolares_rank	0.000676347002389159	0.000948817079611599	0.0012997477485478
Master_mconsumospesos	0.00067528880594764	0.000615888653493474	0.000858132750433712
cextraccion_autoservicio_lag_2	0.000660497360194757	0.000647959349770015	0.000812282012924599
Master_msaldopesos_lag_1	0.000655495950455975	0.000928698497878267	0.00077632538193061
Master_msaldopesos_lag_2	0.000655377106769972	0.000711337379450045	0.000870440053659842
matm_other_lag_2	0.000649051352746841	0.000767746081674822	0.000643599562825284
thomebanking_lag_1	0.000647095299722549	0.000367247586430605	0.00116460873273147
ctarjeta_visa_debitos_automaticos	0.000644038642318484	0.000421481790700926	0.000728061447710492
ctarjeta_debito_lag_1	0.000636062853898079	0.00106618009690381	0.00106397842988252
Master_msaldototal_lag_1	0.000633463072459488	0.000595136864506385	0.000836172660363558
cforex_sell_rank	0.000633317694278703	0.000658808801035531	0.00112865210173748
mextraccion_autoservicio_lag_1	0.00063293595057917	0.000998790706205335	0.000868750815962138
mtarjeta_visa_descuentos_rank	0.000624783645626589	0.000614069693047936	0.000967450561442281
Master_Finiciomora_lag_1	0.000619852884715091	0.00348387706746144	0.000441132358771886
Master_mpagominimo_lag_2	0.000615278045690703	0.000617294274462227	0.00077632538193061
ctarjeta_master	0.000608078617187403	0.000245855139613642	9.29080733737286e-05
foto_mes	0.000599471559427524	9.21889962213315e-06	6.51563111971603e-05
matm_lag_2	0.000598196456336597	0.000794944293022955	0.000848721283260789
Master_mpagominimo_lag_1	0.000594192476465966	0.000408421930075824	0.000706825316653639
cforex_rank	0.000591201444697625	0.000632121305341249	0.00113130661811958
thomebanking_lag_2	0.000584314811833042	0.000425303906842371	0.00120515043747637
matm_lag_1	0.000582928103051306	0.000628477910150611	0.000740368750936622
ctarjeta_visa_descuentos_rank	0.000570141393290464	0.00112965077827449	0.00103695062671925
tcuentas_rank	0.000566072214553072	0.00229434524870295	0.00120056536372545
thomebanking	0.00056318114467383	0.000638702959490272	0.000804801103120481
cextraccion_autoservicio_lag_1	0.000562627754282685	0.00106675298069414	0.000675453759410562
Visa_mpagado_lag_2	0.000561087876731337	0.00134528159336803	0.000865131020895629
ccuenta_debitos_automaticos_lag_2	0.000555253641807828	0.000608916771365092	0.000715754144484362
Visa_mpagado	0.000547109824201345	0.00141783753509638	0.000684141267570184
ccallcenter_transacciones_lag_1	0.000547044381118073	0.00391346975291754	0.000879851520832765
cpayroll_trx_lag_2	0.000546017905052191	0.000749130875311643	0.000306958621639955
ctransferencias_emitidas_lag_2	0.000543714959060606	0.000462164349815509	0.00066652493157984
mplazo_fijo_dolares_rank	0.000540722189333059	0.00103401031912294	0.000392627104880666
matm_other_lag_1	0.000540260158669885	0.000688704455245417	0.000535729669843318
Master_msaldototal_lag_2	0.000539438639244577	0.000443909067036413	0.000803594504764978
ccallcenter_transacciones_lag_2	0.000532828722014625	0.00240926583923133	0.000766431275415486
mpagodeservicios_rank	0.000531222347797788	0.00046193827119685	0.000878886242148363
mprestamos_prendarios	0.000528296960879249	0.00445193867891392	0.000310578416706464
active_quarter_lag_2	0.000522623292336324	0.00109422326804829	0.00169551200915277
matm_rank	0.000521084284441876	0.000443773264594176	0.000749056259096243
matm_other_rank	0.000518400841789624	0.000476303729043305	0.000717443382182066
ccomisiones_mantenimiento_lag_1	0.000497112537109391	0.00344351315903	0.000741334029621024
ccuenta_debitos_automaticos_lag_1	0.000489107160368787	0.000379262267241178	0.00059750750564507
ccaja_ahorro_lag_2	0.000488176863977599	0.000414154258259877	0.000334227744474323
Visa_cadelantosefectivo_rank	0.000486139983168288	0.000576150188763682	0.00109438470844119
matm	0.000470088960751315	0.000360929441838219	0.000541038702607532
Master_cconsumos_lag_2	0.000467792205571481	0.00065742249604984	0.000588096038472147
ctransferencias_emitidas_lag_1	0.000459060960733575	0.000469941391923542	0.000598231464658372
mcaja_ahorro_adicional_rank	0.000457427840346504	0.00114315169492095	0.000528972719052502
catm_trx_lag_1	0.000457067911830933	0.00148521056261579	0.00056058559596668
cforex_buy_rank	0.000444868787700528	0.00176406117027219	0.000437271244034276
ctarjeta_master_transacciones	0.000433873011697671	0.00119086517897302	0.000293444720058322
Visa_delinquency_lag_1	0.000423955336584327	0.000136618006704134	0.000152031392793374
ctarjeta_master_transacciones_lag_2	0.000418924238998732	0.000387491864717406	0.000402521211395791
mttarjeta_master_debitos_automaticos_lag_2	0.000413190897913194	0.000959624813396692	0.000417241711332927
Master_cconsumos_lag_1	0.000412855093712352	0.000705678798375492	0.000544899817345141
catm_trx_lag_2	0.000410430583690485	0.000897880546949121	0.000627431144861544
ccaja_ahorro_lag_1	0.000406023420982296	0.000246838224282347	0.000262314482486346
tcallcenter	0.000403670388674729	0.000287924952592507	0.000168441130428215
mttarjeta_master_debitos_automaticos_rank	0.000401837798159649	0.000394049604471735	0.000581821727023532
Visa_msaldodolares	0.000399626521050637	0.000671987019334932	0.00051208034207546
mtarjeta_master_descuentos_rank	0.000399136207195226	0.000428042556249922	0.000660250620131225
Master_mconsumototal_lag_2	0.000397025073216969	0.000330361417567281	0.000541038702607532
active_quarter_lag_1	0.000395434854365525	0.000949129147864234	0.0013405307729638
minversion2_rank	0.000389303758665053	0.00189758794286386	0.000226840490834558
mplazo_fijo_dolares_lag_2	0.00038795143975933	0.00103214885157074	0.000302614867560145
cpagomiscuentas	0.000386084154209844	0.00103721781408708	0.000445476112851696
ccajeros_propios_descuentos_rank	0.000383800097304435	0.000679634230963887	0.000867302897935534
mtarjeta_master_consumo_lag_1	0.000382440626925157	0.000337949473583388	0.000399142736000382
Visa_mpagosdolares	0.0003793520096408	0.000870219820325347	0.000451991743971412
cpagomiscuentas_lag_1	0.00037572099801559	0.000383879298127699	0.000514734858457567
Master_mconsumototal	0.000375676095252423	0.000314715365118564	0.000426411858834749
Master_mconsumototal_lag_1	0.000372324926066538	0.000352781308574995	0.000486741776609898
mcajeros_propios_descuentos_rank	0.000371015456787426	0.00045583880662432	0.000660491939802325
mtarjeta_master_consumo_lag_2	0.00037034097223691	0.000312216569658026	0.000470814678317259
ctransferencias_emitidas	0.00036861300657724	0.000489259425359884	0.000427377137519152
ccajas_consultas	0.00036534400058847	0.00260027645321082	0.000488189694636501
Master_delinquency	0.000364988751997073	0.000154302283543531	8.22900078453025e-05
ccuenta_debitos_automaticos	0.000361375964310801	0.000811298135909771	0.000416517752319625
Visa_msaldodolares_lag_1	0.000360833422379681	0.000678240633547627	0.000477330309436975
catm_trx_other_lag_1	0.000359714520553067	0.000753519843560634	0.000321437801905991
minversion1_pesos_rank	0.000359182785880477	0.00111747891539357	0.00019522761392038
Visa_msaldodolares_lag_2	0.000357011872250692	0.000627681296713792	0.00048336330121449
Master_cadelantosefectivo_rank	0.000353699873208766	0.000325137097747112	0.000745195144358634
cinversion1_rank	0.000351628880798809	0.000803678209516939	0.000199571368000191
mplazo_fijo_dolares	0.00035131089593163	0.00178801909394292	0.00027244990867257
Master_cconsumos	0.000348872839926747	0.000344913260383931	0.000444510834167294
matm_other	0.000347065800526242	0.00139736891669575	0.000432203530941164
ctarjeta_master_transacciones_lag_1	0.000338222983187285	0.000538370408510805	0.000326022875656902
cseguro_vida_lag_2	0.000336833248286896	0.000529279932638651	0.000512562981417661
Visa_Finiciomora_lag_2	0.000332813010585491	0.00445836897697444	0.000613193284266609
ccajas_consultas_lag_1	0.000327640603112628	0.00146127165632997	0.00056468803037539
catm_trx_other_lag_2	0.000320894355390869	0.000644298270932912	0.0003658406213885
Visa_mpagosdolares_lag_2	0.000316154761160796	0.000580968016958155	0.000429307694887957
cseguro_auto_rank	0.000309444907564308	0.00224713760983701	0.00042665317850585
ccajas_transacciones_lag_1	0.000309008749583547	0.000184503894697086	0.000428101096532454
mforex_sell_rank	0.000298078784740254	0.000404118473703756	0.000600162022027177
ccajas_depositos_lag_1	0.000290274425763435	0.000634742134551186	0.000326988154341305
mttarjeta_master_debitos_automaticos_lag_1	0.000290220334347016	0.000339992747600695	0.000317576687168382
mprestamos_prendarios_rank	0.000287512487583511	0.000753439633459893	0.000216463744977233
catm_trx	0.000287339686390978	0.000678603277692705	0.000317818006839482
cseguro_accidentes_personales_lag_1	0.000287294979225577	0.000288280536550028	0.000369219096783909
ccajas_consultas_lag_2	0.000285396966683187	0.000985753505862664	0.000521733128919484
cplazo_fijo	0.000280482825130506	0.00160009347005664	0.000112454966732877
Visa_mpagosdolares_lag_1	0.00027777140876485	0.000644724304149167	0.00041048476054211
cseguro_accidentes_personales_lag_2	0.000277206947143552	0.00101863405342769	0.000405658367120098
mforex_sell_lag_2	0.000274377638529551	0.000699648064463408	0.000299960351178038
mttarjeta_master_debitos_automaticos	0.000272365091826303	0.00062956191436119	0.000329883990394512
ccajas_depositos_lag_2	0.000272287708751118	0.00132777145233884	0.000355222555860074
ccajas_otras_lag_1	0.000270623644919016	0.00354683270682274	0.000450543825944809
mprestamos_prendarios_lag_1	0.000265907692558121	0.00179971675640695	0.000194262335235978
ccajas_transacciones_lag_2	0.000247000586145326	0.000170399849584647	0.000429549014559057
ccajas_otras	0.000245898962206208	0.00278175286118441	0.000395764260604974
cseguro_vida	0.000241313560663031	0.00047588366779021	0.000478295588121377
ccajas_otras_lag_2	0.000239648304964834	0.0029966805837842	0.000379113203299033
mcheques_emitidos_rechazados	0.000233330363214689	0.00105760000490977	8.32552865297049e-05
Master_mpagado_lag_2	0.000226624311930603	0.00065777547888563	0.000264486359526251
mplazo_fijo_dolares_lag_1	0.000225633002146739	0.000571917593052254	0.000230942925243268
mforex_sell_lag_1	0.000224071228071233	0.00072813207929278	0.000233356121954274
cseguro_vida_lag_1	0.000223230926800856	0.000871556020540133	0.000386835432774252
Visa_delinquency_lag_2	0.000223034932076127	0.000143864201006956	0.000111489688048474
mcheques_emitidos_rechazados_rank	0.000217005413098151	0.000497551635552078	6.51563111971603e-05
mcheques_emitidos_rechazados_lag_2	0.00021606174160627	0.00113346032011573	0.000106421974955362
cseguro_vivienda_lag_2	0.000215945845055361	0.000509122028845674	0.000248076621891411
mprestamos_prendarios_lag_2	0.000213263832453454	0.00253608093476497	0.000214050548266227
minversion2	0.000212986039152059	0.00195535385997823	0.000190401220498369
tcallcenter_lag_1	0.000211837404271789	0.000286210939446218	0.000332779826447719
tmobile_app	0.000211705304939159	0.000122359427091682	0.000233597441625375
Master_mpagado_lag_1	0.00020926020384954	0.000388510097707059	0.000206328318791008
mforex_sell	0.000206845675199457	0.000723857275072847	0.000184368228720854
ccheques_emitidos_rechazados	0.000205707864252068	0.00214739286592026	6.61215898815627e-05
mcheques_emitidos_rechazados_lag_1	0.000205504023478394	0.00153545180614972	9.29080733737286e-05
ccaja_seguridad_lag_1	0.000205484535527764	0.000712218967287103	6.4191032512758e-05
ccajas_depositos	0.000205479115050126	0.000451332217243154	0.000214533187608428
ccaja_seguridad_lag_2	0.000203891749087179	0.000456110995434081	9.02535569916221e-05
tcuentas_lag_2	0.000202109579683943	0.00119924833552861	0.000323368359274796
ccajas_extracciones_lag_2	0.000201430753261959	0.00133957641770981	0.000280654777489991
ccheques_depositados_rank	0.000198188357672096	0.000522081792732715	0.000257729408735434
minversion2_lag_2	0.000195050541549556	0.00240420314727631	0.000178335236943339
catm_trx_other	0.000194994253781157	0.000487890312992576	0.000201984564711197
Master_mpagado	0.000192550771804941	0.00029523744232191	0.00019908872865799
ctarjeta_master_debitos_automaticos_lag_2	0.000189831771939003	0.000424413075733445	0.000185092187734155
ccajas_transacciones	0.000187546806478242	0.000166316705569033	0.000259177326762038
mtarjeta_visa_descuentos_lag_2	0.000184871988332571	0.000775274199087356	0.000240354392416192
mcaja_ahorro_adicional	0.000184785488521895	0.000928541348985493	0.000219118261359339
mforex_buy_rank	0.000184376392335292	0.000825053703700848	0.00022756444984786
cinversion2_rank	0.000182942769517569	0.000779827615295203	0.000281861375845494
cprestamos_prendarios_rank	0.00018019993626328	0.000646307226068599	0.000226116531821256
ccheques_emitidos_rechazados_rank	0.000179489388310492	0.00055789817065778	8.95295979783203e-05
cseguro_accidentes_personales	0.000177948825947228	0.000149165751581801	0.00031299161341747
ccheques_emitidos_rank	0.000174286668153626	0.0011921098422636	0.000190159900827268
tmobile_app_lag_2	0.000171488120271651	0.000177492325555755	0.00027631102341018
mtarjeta_visa_descuentos	0.00016845725430052	0.00122083557561959	0.000224427294123552
Master_msaldodolares	0.000167734176003038	0.0013734538717205	0.000149376876411268
ccajas_extracciones_lag_1	0.000166743517112051	0.000487460736411514	0.000229012367874464
mcaja_ahorro_adicional_lag_2	0.000165886294027635	0.00115564641540128	0.000245904744851505
tmobile_app_lag_1	0.000163365774587616	0.000294260634850037	0.000257729408735434
mpagodeservicios_lag_2	0.000162775744704776	0.00188459760252545	0.00021525714662173
Master_msaldodolares_lag_1	0.000161919873866508	0.00139397755162145	0.000165062655032806
tcallcenter_lag_2	0.000161385257684012	0.000127769687302565	0.000276069703739079
Visa_status_lag_2	0.000159764773535585	0.00195316790249002	0.000148411597726865
cprestamos_hipotecarios_rank	0.000156006690184156	0.000723078411637639	0.000117040040483788
mtarjeta_visa_descuentos_lag_1	0.000155093987198994	0.000875654592127241	0.000251213777615718
Master_mconsumosdolares_lag_1	0.000153004756053664	0.000505651276474451	0.000135380335487433
mforex_buy_lag_2	0.000151642587518558	0.000593467787065111	0.000148170278055765
mcaja_ahorro_adicional_lag_1	0.000150572850763779	0.00107568190169181	0.00021935958103044
mcheques_emitidos	0.00014968474963112	0.000858659393574713	0.000119935876536995
Master_mconsumosdolares	0.000148097301811659	0.00102966388452267	0.000140689368251646
mpagodeservicios	0.000145967401659453	0.000530156736269667	0.000146963679700262
mcheques_emitidos_lag_2	0.000137975416549722	0.000473212116706509	0.00013007130272322
cforex_lag_2	0.000131307822533256	0.000208236230777242	0.000145274442002558
tcuentas_lag_1	0.000130775510397288	0.000339812898612402	0.000193779695893777
mcheques_depositados_lag_1	0.000130137728931293	0.000528713651185363	0.000127899425683315
Master_msaldodolares_lag_2	0.000124964923417832	0.000302897268064159	0.0001218664339058
Master_mconsumosdolares_lag_2	0.000122518696676582	0.000373414381569996	0.000145515761673658
ccajas_extracciones	0.000122326857063398	0.000263852519845955	0.000134656376474131
ctarjeta_master_descuentos_rank	0.000121989013490939	0.00113695415080681	0.000149618196082368
mcheques_depositados	0.00012182533680658	0.000253370715903541	0.000111972327390676
mcheques_depositados_lag_2	0.000121074636712388	0.000740188033004296	0.0001626494583218
Master_mpagosdolares	0.000118741585767414	0.000167446780157626	8.42205652141073e-05
mcheques_emitidos_rank	0.000118037651238625	0.000282853707459135	0.000127416786341114
mpagodeservicios_lag_1	0.000117249696374107	0.000374303009688068	0.000144309163318155
cforex_sell_lag_2	0.000117202023445402	0.000491425283874303	0.000126934146998912
Master_Finiciomora_lag_2	0.000117120969293653	0.00287381216627247	0.000224909933465753
mcheques_depositados_rank	0.00011651511951394	0.00025194885783051	0.000151790073122274
Master_delinquency_lag_1	0.00011640669850689	6.9284201711644e-05	7.11893029746752e-05
cseguro_vivienda_lag_1	0.000115351994121032	0.000116243280835394	0.000190642540169469
Master_mpagosdolares_lag_2	0.00011273873799756	0.000442874086007856	0.000115833442128285
minversion2_lag_1	0.000112364984654923	0.000552131178545345	9.55625897558352e-05
mforex_buy	0.000112007470126418	0.00199503186189879	0.000176163359903434
ctarjeta_master_debitos_automaticos_lag_1	0.000110690534481998	0.000188158318113024	0.000149376876411268
Master_mpagosdolares_lag_1	0.000110468333641821	0.000342013779372992	9.33907127159298e-05
ccheques_emitidos_lag_2	0.000109730220461824	0.00078705552211973	0.000107628573310865
mcajeros_propios_descuentos_lag_2	0.000108606201947547	0.000897576799631821	9.62865487691369e-05
cseguro_vivienda	0.000108562918646493	0.000442105998648393	0.000182196351680948
mcheques_emitidos_lag_1	0.000104634125695462	0.000538431315899513	0.000102802179888853
tcuentas	0.000102632532484669	0.000269440512315968	0.000161201540295197
cplazo_fijo_lag_2	0.000101379661519986	0.000710480741147962	0.000112213647061776
ccheques_emitidos_lag_1	9.91191757329012e-05	0.00149180592573803	0.000101354261862249
minversion1_pesos	9.86301157902567e-05	0.0016973865970218	0.000111489688048474
ccheques_emitidos	9.59988848142585e-05	0.000609322898037483	9.14601553471251e-05
mtarjeta_master_descuentos_lag_2	9.42813799566441e-05	0.00029261919432716	6.61215898815627e-05
ctarjeta_master_lag_2	9.39333060846955e-05	0.000133727895039839	5.59861636953378e-05
cpagodeservicios	9.39050793900869e-05	0.000439587535522518	8.4944524227409e-05
cforex_lag_1	9.26421624350256e-05	0.000284607566870724	0.000124520950287906
mforex_buy_lag_1	9.2136754473387e-05	0.000895657457121094	0.000144550482989256
cpagodeservicios_lag_1	8.78507750109346e-05	0.000429664647612163	9.2666753702628e-05
minversion1_pesos_lag_2	8.55601257053414e-05	0.000862997580230307	0.000115592122457184
cplazo_fijo_lag_1	8.54791377195736e-05	0.000835536609138689	9.17014750182257e-05
ctarjeta_visa_descuentos_lag_2	8.47528120971755e-05	0.00023360027971584	8.6151122582912e-05
ctarjeta_visa_lag_2	8.03435764887505e-05	0.000430117674101896	8.42205652141073e-05
ctarjeta_master_debitos_automaticos	8.02573057988249e-05	0.000128242806130572	9.24254340315274e-05
mprestamos_hipotecarios	7.87329193565554e-05	0.0015265982446916	5.98472784329473e-05
ccheques_emitidos_rechazados_lag_2	7.68454145900456e-05	0.000236169975650106	3.52326719806867e-05
ccheques_emitidos_rechazados_lag_1	7.64325390020984e-05	0.000161351874183641	2.84757211898701e-05
mcajeros_propios_descuentos	7.36964922010238e-05	0.000828516785417169	6.78108275792669e-05
cpagodeservicios_lag_2	7.16127723257452e-05	0.000336424254099101	0.000110283089692971
ccheques_depositados_rechazados_rank	7.14179026734538e-05	0.000164974009185433	5.38142866554324e-05
cinversion2_lag_2	7.07163284884022e-05	0.000695258459205014	7.0706663632474e-05
mcajeros_propios_descuentos_lag_1	7.0528807680663e-05	0.000373725275336543	7.50504177122847e-05
cprestamos_prendarios_lag_2	7.00230577239886e-05	0.000805349370509804	6.03299177751485e-05
mprestamos_hipotecarios_rank	6.93669297232934e-05	0.00086719109939613	6.82934669214681e-05
cforex_sell_lag_1	6.68964693376452e-05	0.000108483915738312	7.43264586989829e-05
mplazo_fijo_pesos_rank	6.66167172618179e-05	0.000562438362284987	1.85816146747457e-05
ccheques_depositados_lag_1	6.61215089860964e-05	0.000344935064684977	6.4191032512758e-05
minversion1_pesos_lag_1	6.50354420573702e-05	0.00113997014481898	8.8564319293918e-05
cseguro_auto_lag_2	5.98193323345194e-05	0.00048531686799255	7.16719423168764e-05
ccheques_depositados	5.97328491781663e-05	0.00015943724952381	4.12656637582016e-05
ccajeros_propios_descuentos_lag_2	5.82935345221964e-05	0.000100889774955297	3.8611147376095e-05
cprestamos_prendarios	5.62607067294912e-05	0.000221363806829054	3.11302375719766e-05
cforex_sell	5.59918886529299e-05	0.000124483369060239	4.53680981669117e-05
cforex	5.45489153096744e-05	8.77107205810542e-05	6.92587456058704e-05
Master_status_lag_2	5.4400762452719e-05	0.000774471693313553	8.71164012673144e-05
cforex_buy_lag_2	5.29768055538722e-05	0.000146958003063578	5.21250489577283e-05
cprestamos_prendarios_lag_1	5.25085920802679e-05	0.00105120726386201	6.08125571173497e-05
cforex_buy_lag_1	4.97439512888527e-05	9.67427176628519e-05	5.11597702733259e-05
cliente_vip_rank	4.81607051094659e-05	0.00157289817833494	0.000110765729035173
ctarjeta_master_descuentos_lag_2	4.77974152468655e-05	0.000149869932299947	3.54739916517873e-05
mcheques_depositados_rechazados_rank	4.77683307598444e-05	0.00018787652107809	3.81285080338938e-05
mcheques_depositados_rechazados	4.77039570781513e-05	0.000192517904303272	3.2095516256379e-05
cforex_buy	4.71057044147066e-05	0.00174483023460077	6.51563111971603e-05
mtarjeta_master_descuentos_lag_1	4.64756913778267e-05	0.000249050113361693	4.82639342201188e-05
mcheques_depositados_rechazados_lag_2	4.53697820648696e-05	9.88147831781006e-05	2.58212048077635e-05
minversion1_dolares_rank	4.38492116519782e-05	0.00219634813344957	5.62274833664384e-05
ccheques_depositados_lag_2	4.03994033319712e-05	0.000365344620369963	5.5262204682036e-05
cinversion1	4.01741858843037e-05	0.000285368945724904	2.53385654655624e-05
ctarjeta_visa_descuentos_lag_1	4.00318671692149e-05	0.000546949053962653	7.21545816590776e-05
cseguro_auto	3.9651324192655e-05	0.00019474649497292	4.03003850737992e-05
mprestamos_hipotecarios_lag_2	3.9252147581394e-05	0.000549226853608732	4.05417047448998e-05
ctarjeta_master_lag_1	3.92094947233394e-05	0.000256289519533058	5.23663686288289e-05
mcuenta_corriente_adicional_rank	3.9063623638385e-05	2.08280111435432e-05	2.50972457944618e-05
mtarjeta_master_descuentos	3.88694114996119e-05	0.000363584224976472	3.93351063893968e-05
cseguro_auto_lag_1	3.5587218486832e-05	0.000117004639783031	3.83698277049944e-05
ccuenta_corriente_rank	3.4990429020073e-05	0.000141099958419511	2.79930818476689e-05
mplazo_fijo_pesos	3.46212944646139e-05	0.00148643380646518	3.40260736251837e-05
Master_madelantopesos_lag_1	3.44595764203168e-05	9.99557333751581e-05	2.72691228343671e-05
ctarjeta_visa_descuentos	3.22747275101151e-05	0.000272331460055105	4.24722621137045e-05
Visa_madelantopesos_lag_2	3.18305600067677e-05	0.000284250523099986	5.50208850109354e-05
ccajeros_propios_descuentos_lag_1	3.18138236616459e-05	2.93112312596235e-05	2.9682319545373e-05
ccheques_depositados_rechazados_lag_1	3.07463734730603e-05	0.000140350868538409	2.22014097412546e-05
mprestamos_hipotecarios_lag_1	2.97884403566297e-05	0.000656342161278847	3.71632293494915e-05
ctarjeta_visa_lag_1	2.87618481075859e-05	0.000386791048205173	6.27431144861544e-05
cprestamos_hipotecarios	2.85470437521437e-05	0.000126271726512343	1.47204999371362e-05
Master_madelantopesos	2.808288640526e-05	3.14898432331449e-05	2.34080080967576e-05
cinversion2_lag_1	2.77446256499502e-05	0.000150813462665994	3.52326719806867e-05
cinversion1_lag_2	2.61260341544805e-05	0.000204114919281527	3.83698277049944e-05
mpayroll2_lag_2	2.5035623506626e-05	0.000160413652229291	1.03767458573255e-05
Visa_madelantopesos	2.39522440165956e-05	0.000531681259024918	3.0888917900876e-05
Visa_madelantopesos_lag_1	2.39151179701712e-05	0.00103308039156187	5.23663686288289e-05
cinversion1_lag_1	2.32615745480134e-05	0.000114814156873852	2.91996802031719e-05
mplazo_fijo_pesos_lag_1	2.25252864682523e-05	0.00205706170098912	5.35729669843318e-05
cinversion2	2.25011894413638e-05	0.000294493893095516	3.69219096783909e-05
mcheques_depositados_rechazados_lag_1	2.22931489390051e-05	0.000316367482184466	2.82344015187695e-05
Master_delinquency_lag_2	2.07839034091802e-05	0.000110966520543174	4.53680981669117e-05
Visa_cadelantosefectivo_lag_2	2.04016239760112e-05	0.000283102645425664	3.18541965852784e-05
cprestamos_hipotecarios_lag_2	1.98460045283854e-05	4.88555755576364e-05	6.51563111971603e-06
Master_madelantopesos_lag_2	1.96376461098562e-05	9.69129982390613e-05	3.06475982297754e-05
ccajeros_propios_descuentos	1.86272389604059e-05	0.00020876046960989	2.38906474389588e-05
Master_cadelantosefectivo_lag_1	1.83187950301586e-05	0.00169713162073697	3.76458686916926e-05
minversion1_dolares	1.52823318364453e-05	0.000143689109682646	9.65278684402375e-06
Master_cadelantosefectivo	1.51382088139782e-05	2.27457943083343e-05	1.30312622394321e-05
mpayroll2_rank	1.48189183376514e-05	0.000332794295825572	2.437328678116e-05
ctarjeta_master_descuentos_lag_1	1.45983264880898e-05	0.000106763499320414	2.53385654655624e-05
minversion1_dolares_lag_1	1.43029583702909e-05	0.000180542678262637	8.68750815962138e-06
mpayroll2_lag_1	1.38610312123156e-05	0.000835218011539667	1.78576556614439e-05
Visa_cadelantosefectivo_lag_1	1.37211087725266e-05	0.000171380505655	1.93055736880475e-05
cpayroll2_trx_lag_2	1.28399561297957e-05	0.000689821053103815	1.44791802660356e-05
ccheques_depositados_rechazados	1.21354958325886e-05	5.2153857632825e-05	1.03767458573255e-05
mplazo_fijo_pesos_lag_2	1.0660269236633e-05	0.00194409647718035	4.39201801403081e-05
cliente_vip_lag_2	1.04040600272144e-05	0.000244293869378419	2.79930818476689e-05
cpayroll2_trx_rank	1.00175745531364e-05	0.000116189705690343	1.5444458950438e-05
Master_cadelantosefectivo_lag_2	9.51415531110855e-06	1.57027860987278e-05	1.49618196082368e-05
ctarjeta_master_descuentos	7.78307336890215e-06	5.97180191607809e-05	9.17014750182257e-06
minversion1_dolares_lag_2	6.1683552664587e-06	0.000317791821939966	1.23073032261303e-05
Visa_cadelantosefectivo	5.50349363040635e-06	9.4161986867771e-05	1.25486228972309e-05
Visa_madelantodolares_lag_2	4.70070930729995e-06	1.81922055771063e-05	6.27431144861544e-06
ccheques_depositados_rechazados_lag_2	4.65877241278348e-06	1.02156600864719e-05	6.03299177751485e-06
cprestamos_hipotecarios_lag_1	4.0277083876272e-06	7.40770206515102e-05	7.9635491463196e-06
cliente_vip	3.95818829032028e-06	0.000333561334773725	1.27899425683315e-05
Master_madelantodolares_lag_2	2.08960978236626e-06	4.54028452441246e-07	2.41319671100594e-06
cliente_vip_lag_1	2.03808195116094e-06	6.1521711287175e-05	5.55035243531366e-06
Visa_madelantodolares	1.84415080825339e-06	1.8659398890556e-05	3.37847539540831e-06
ccuenta_corriente_lag_1	1.81361411046621e-06	4.27220973371583e-07	1.44791802660356e-06
mcuenta_corriente_adicional_lag_2	1.77855278876752e-06	2.68074790696632e-09	2.41319671100594e-07
cpayroll2_trx_lag_1	1.50584915669316e-06	6.06147227001465e-05	2.17187703990535e-06
Visa_madelantodolares_lag_1	1.37231963494574e-06	5.65793013056883e-05	3.61979506650891e-06
mpayroll2	1.03619368701063e-06	0.00014974454098015	4.82639342201188e-06
ccuenta_corriente	8.83649019387158e-07	1.9097316313497e-05	1.68923769770416e-06
mcuenta_corriente_adicional	8.56212982352145e-07	5.69957528388297e-07	4.82639342201188e-07
ccuenta_corriente_lag_2	7.94492416683311e-07	9.14422354058613e-06	7.23959013301782e-07
mcuenta_corriente_adicional_lag_1	7.14412530318051e-07	9.79266593591402e-06	7.23959013301782e-07
Master_madelantodolares_lag_1	4.34069744383913e-07	1.42843386802115e-06	2.41319671100594e-06
cpayroll2_trx	1.93046216342443e-07	6.60107630031971e-07	2.41319671100594e-07
